_fibonacci_( i )


time=

9.269999999977907e-07
4.63000000002628e-07
9.270000000012601e-07
9.270000000012601e-07
1.3909999999998923e-06
1.855000000001994e-06
3.245999999998417e-06
5.101000000000411e-06
7.883999999999669e-06
1.2522000000000921e-05
1.994199999999849e-05
3.246399999999941e-05
5.379700000000126e-05
8.533299999999994e-05
0.0001363480000000014
0.00021982599999999936
0.0003547830000000009
0.0005760009999999996
0.0009488699999999975
0.0015072469999999998
0.002445450999999998
0.003971248
0.0066100900000000025
0.010405105999999997
0.020069574
0.027142969000000003
0.043904021000000015
0.07090971399999998
0.11555019900000002
0.19659928
0.33331725599999995
0.576186702
0.8830394819999998
1.45361737
2.5711645549999997
3.9467746999999997
6.672195094999999
10.337123867000003
14.292803846000002
23.129800407999994


时间与 n 成指数关系